formula 441 800
0 0 0
0 70 64.421769
0 140 98.544973
0 210 86.320937
0 280 33.498815
0 350 -35.078323
0 420 -87.157577
0 490 -98.245261
0 560 -63.126664
0 630 1.68139
0 700 65.69866
0 770 98.816823
0 840 85.459891
0 910 31.909836
0 980 -36.647913
0 1050 -87.969576
0 1120 -97.917773
0 1190 -61.813711
0 1260 3.362305
0 1330 66.956976
0 1400 99.060736
70 0 64.421769
70 70 128.843537
70 140 162.966742
70 210 150.742705
70 280 97.920584
70 350 29.343446
70 420 -22.735809
70 490 -33.823493
70 560 1.295105
70 630 66.103159
70 700 130.120429
70 770 163.238592
70 840 149.88166
70 910 96.331605
70 980 27.773856
70 1050 -23.547807
70 1120 -33.496004
70 1190 2.608058
70 1260 67.784073
70 1330 131.378745
70 1400 163.482504
140 0 98.544973
140 70 162.966742
140 140 197.089946
140 210 184.86591
140 280 132.043788
140 350 63.46665
140 420 11.387396
140 490 0.299712
140 560 35.418309
140 630 100.226363
140 700 164.243633
140 770 197.361796
140 840 184.004864
140 910 130.454809
140 980 61.89706
140 1050 10.575397
140 1120 0.6272
140 1190 36.731262
140 1260 101.907278
140 1330 165.501949
140 1400 197.605709
210 0 86.320937
210 70 150.742705
210 140 184.86591
210 210 172.641873
210 280 119.819752
210 350 51.242614
210 420 -0.836641
210 490 -11.924325
210 560 23.194273
210 630 88.002327
210 700 152.019597
210 770 185.13776
210 840 171.780827
210 910 118.230773
210 980 49.673024
210 1050 -1.648639
210 1120 -11.596836
210 1190 24.507225
210 1260 89.683241
210 1330 153.277913
210 1400 185.381672
280 0 33.498815
280 70 97.920584
280 140 132.043788
280 210 119.819752
280 280 66.99763
280 350 -1.579508
280 420 -53.658762
280 490 -64.746446
280 560 -29.627849
280 630 35.180205
280 700 99.197475
280 770 132.315638
280 840 118.958706
280 910 65.408651
280 980 -3.149098
280 1050 -54.470761
280 1120 -64.418958
280 1190 -28.314896
280 1260 36.86112
280 1330 100.455791
280 1400 132.559551
350 0 -35.078323
350 70 29.343446
350 140 63.46665
350 210 51.242614
350 280 -1.579508
350 350 -70.156646
350 420 -122.2359
350 490 -133.323584
350 560 -98.204987
350 630 -33.396933
350 700 30.620337
350 770 63.738501
350 840 50.381568
350 910 -3.168487
350 980 -71.726236
350 1050 -123.047899
350 1120 -132.996096
350 1190 -96.892034
350 1260 -31.716018
350 1330 31.878653
350 1400 63.982413
420 0 -87.157577
420 70 -22.735809
420 140 11.387396
420 210 -0.836641
420 280 -53.658762
420 350 -122.2359
420 420 -174.315154
420 490 -185.402839
420 560 -150.284241
420 630 -85.476187
420 700 -21.458917
420 770 11.659246
420 840 -1.697686
420 910 -55.247741
420 980 -123.80549
420 1050 -175.127153
420 1120 -185.07535
420 1190 -148.971288
420 1260 -83.795273
420 1330 -20.200601
420 1400 11.903158
490 0 -98.245261
490 70 -33.823493
490 140 0.299712
490 210 -11.924325
490 280 -64.746446
490 350 -133.323584
490 420 -185.402839
490 490 -196.490523
490 560 -161.371925
490 630 -96.563871
490 700 -32.546601
490 770 0.571562
490 840 -12.78537
490 910 -66.335425
490 980 -134.893174
490 1050 -186.214837
490 1120 -196.163034
490 1190 -160.058972
490 1260 -94.882957
490 1330 -31.288285
490 1400 0.815474
560 0 -63.126664
560 70 1.295105
560 140 35.418309
560 210 23.194273
560 280 -29.627849
560 350 -98.204987
560 420 -150.284241
560 490 -161.371925
560 560 -126.253328
560 630 -61.445274
560 700 2.571996
560 770 35.69016
560 840 22.333227
560 910 -31.216828
560 980 -99.774577
560 1050 -151.09624
560 1120 -161.044437
560 1190 -124.940375
560 1260 -59.764359
560 1330 3.830312
560 1400 35.934072
630 0 1.68139
630 70 66.103159
630 140 100.226363
630 210 88.002327
630 280 35.180205
630 350 -33.396933
630 420 -85.476187
630 490 -96.563871
630 560 -61.445274
630 630 3.36278
630 700 67.38005
630 770 100.498213
630 840 87.141281
630 910 33.591226
630 980 -34.966523
630 1050 -86.288186
630 1120 -96.236383
630 1190 -60.132321
630 1260 5.043695
630 1330 68.638366
630 1400 100.742126
700 0 65.69866
700 70 130.120429
700 140 164.243633
700 210 152.019597
700 280 99.197475
700 350 30.620337
700 420 -21.458917
700 490 -32.546601
700 560 2.571996
700 630 67.38005
700 700 131.39732
700 770 164.515483
700 840 151.158551
700 910 97.608496
700 980 29.050747
700 1050 -22.270916
700 1120 -32.219113
700 1190 3.884949
700 1260 69.060965
700 1330 132.655636
700 1400 164.759395
770 0 98.816823
770 70 163.238592
770 140 197.361796
770 210 185.13776
770 280 132.315638
770 350 63.738501
770 420 11.659246
770 490 0.571562
770 560 35.69016
770 630 100.498213
770 700 164.515483
770 770 197.633647
770 840 184.276714
770 910 130.72666
770 980 62.16891
770 1050 10.847247
770 1120 0.89905
770 1190 37.003112
770 1260 102.179128
770 1330 165.7738
770 1400 197.877559
840 0 85.459891
840 70 149.88166
840 140 184.004864
840 210 171.780827
840 280 118.958706
840 350 50.381568
840 420 -1.697686
840 490 -12.78537
840 560 22.333227
840 630 87.141281
840 700 151.158551
840 770 184.276714
840 840 170.919782
840 910 117.369727
840 980 48.811978
840 1050 -2.509685
840 1120 -12.457882
840 1190 23.64618
840 1260 88.822196
840 1330 152.416867
840 1400 184.520626
910 0 31.909836
910 70 96.331605
910 140 130.454809
910 210 118.230773
910 280 65.408651
910 350 -3.168487
910 420 -55.247741
910 490 -66.335425
910 560 -31.216828
910 630 33.591226
910 700 97.608496
910 770 130.72666
910 840 117.369727
910 910 63.819672
910 980 -4.738077
910 1050 -56.05974
910 1120 -66.007937
910 1190 -29.903875
910 1260 35.272141
910 1330 98.866812
910 1400 130.970572
980 0 -36.647913
980 70 27.773856
980 140 61.89706
980 210 49.673024
980 280 -3.149098
980 350 -71.726236
980 420 -123.80549
980 490 -134.893174
980 560 -99.774577
980 630 -34.966523
980 700 29.050747
980 770 62.16891
980 840 48.811978
980 910 -4.738077
980 980 -73.295826
980 1050 -124.617489
980 1120 -134.565686
980 1190 -98.461624
980 1260 -33.285608
980 1330 30.309063
980 1400 62.412823
1050 0 -87.969576
1050 70 -23.547807
1050 140 10.575397
1050 210 -1.648639
1050 280 -54.470761
1050 350 -123.047899
1050 420 -175.127153
1050 490 -186.214837
1050 560 -151.09624
1050 630 -86.288186
1050 700 -22.270916
1050 770 10.847247
1050 840 -2.509685
1050 910 -56.05974
1050 980 -124.617489
1050 1050 -175.939152
1050 1120 -185.887349
1050 1190 -149.783287
1050 1260 -84.607271
1050 1330 -21.0126
1050 1400 11.09116
1120 0 -97.917773
1120 70 -33.496004
1120 140 0.6272
1120 210 -11.596836
1120 280 -64.418958
1120 350 -132.996096
1120 420 -185.07535
1120 490 -196.163034
1120 560 -161.044437
1120 630 -96.236383
1120 700 -32.219113
1120 770 0.89905
1120 840 -12.457882
1120 910 -66.007937
1120 980 -134.565686
1120 1050 -185.887349
1120 1120 -195.835546
1120 1190 -159.731484
1120 1260 -94.555468
1120 1330 -30.960797
1120 1400 1.142963
1190 0 -61.813711
1190 70 2.608058
1190 140 36.731262
1190 210 24.507225
1190 280 -28.314896
1190 350 -96.892034
1190 420 -148.971288
1190 490 -160.058972
1190 560 -124.940375
1190 630 -60.132321
1190 700 3.884949
1190 770 37.003112
1190 840 23.64618
1190 910 -29.903875
1190 980 -98.461624
1190 1050 -149.783287
1190 1120 -159.731484
1190 1190 -123.627422
1190 1260 -58.451407
1190 1330 5.143265
1190 1400 37.247024
1260 0 3.362305
1260 70 67.784073
1260 140 101.907278
1260 210 89.683241
1260 280 36.86112
1260 350 -31.716018
1260 420 -83.795273
1260 490 -94.882957
1260 560 -59.764359
1260 630 5.043695
1260 700 69.060965
1260 770 102.179128
1260 840 88.822196
1260 910 35.272141
1260 980 -33.285608
1260 1050 -84.607271
1260 1120 -94.555468
1260 1190 -58.451407
1260 1260 6.724609
1260 1330 70.319281
1260 1400 102.42304
1330 0 66.956976
1330 70 131.378745
1330 140 165.501949
1330 210 153.277913
1330 280 100.455791
1330 350 31.878653
1330 420 -20.200601
1330 490 -31.288285
1330 560 3.830312
1330 630 68.638366
1330 700 132.655636
1330 770 165.7738
1330 840 152.416867
1330 910 98.866812
1330 980 30.309063
1330 1050 -21.0126
1330 1120 -30.960797
1330 1190 5.143265
1330 1260 70.319281
1330 1330 133.913952
1330 1400 166.017712
1400 0 99.060736
1400 70 163.482504
1400 140 197.605709
1400 210 185.381672
1400 280 132.559551
1400 350 63.982413
1400 420 11.903158
1400 490 0.815474
1400 560 35.934072
1400 630 100.742126
1400 700 164.759395
1400 770 197.877559
1400 840 184.520626
1400 910 130.970572
1400 980 62.412823
1400 1050 11.09116
1400 1120 1.142963
1400 1190 37.247024
1400 1260 102.42304
1400 1330 166.017712
1400 1400 198.121471

0x11FF 4 21 22 1 0
0x11FF 4 22 23 2 1
0x11FF 4 23 24 3 2
0x11FF 4 24 25 4 3
0x11FF 4 25 26 5 4
0x11FF 4 26 27 6 5
0x11FF 4 27 28 7 6
0x11FF 4 28 29 8 7
0x11FF 4 29 30 9 8
0x11FF 4 30 31 10 9
0x11FF 4 31 32 11 10
0x11FF 4 32 33 12 11
0x11FF 4 33 34 13 12
0x11FF 4 34 35 14 13
0x11FF 4 35 36 15 14
0x11FF 4 36 37 16 15
0x11FF 4 37 38 17 16
0x11FF 4 38 39 18 17
0x11FF 4 39 40 19 18
0x11FF 4 40 41 20 19
0x11FF 4 42 43 22 21
0x11FF 4 43 44 23 22
0x11FF 4 44 45 24 23
0x11FF 4 45 46 25 24
0x11FF 4 46 47 26 25
0x11FF 4 47 48 27 26
0x11FF 4 48 49 28 27
0x11FF 4 49 50 29 28
0x11FF 4 50 51 30 29
0x11FF 4 51 52 31 30
0x11FF 4 52 53 32 31
0x11FF 4 53 54 33 32
0x11FF 4 54 55 34 33
0x11FF 4 55 56 35 34
0x11FF 4 56 57 36 35
0x11FF 4 57 58 37 36
0x11FF 4 58 59 38 37
0x11FF 4 59 60 39 38
0x11FF 4 60 61 40 39
0x11FF 4 61 62 41 40
0x11FF 4 63 64 43 42
0x11FF 4 64 65 44 43
0x11FF 4 65 66 45 44
0x11FF 4 66 67 46 45
0x11FF 4 67 68 47 46
0x11FF 4 68 69 48 47
0x11FF 4 69 70 49 48
0x11FF 4 70 71 50 49
0x11FF 4 71 72 51 50
0x11FF 4 72 73 52 51
0x11FF 4 73 74 53 52
0x11FF 4 74 75 54 53
0x11FF 4 75 76 55 54
0x11FF 4 76 77 56 55
0x11FF 4 77 78 57 56
0x11FF 4 78 79 58 57
0x11FF 4 79 80 59 58
0x11FF 4 80 81 60 59
0x11FF 4 81 82 61 60
0x11FF 4 82 83 62 61
0x11FF 4 84 85 64 63
0x11FF 4 85 86 65 64
0x11FF 4 86 87 66 65
0x11FF 4 87 88 67 66
0x11FF 4 88 89 68 67
0x11FF 4 89 90 69 68
0x11FF 4 90 91 70 69
0x11FF 4 91 92 71 70
0x11FF 4 92 93 72 71
0x11FF 4 93 94 73 72
0x11FF 4 94 95 74 73
0x11FF 4 95 96 75 74
0x11FF 4 96 97 76 75
0x11FF 4 97 98 77 76
0x11FF 4 98 99 78 77
0x11FF 4 99 100 79 78
0x11FF 4 100 101 80 79
0x11FF 4 101 102 81 80
0x11FF 4 102 103 82 81
0x11FF 4 103 104 83 82
0x11FF 4 105 106 85 84
0x11FF 4 106 107 86 85
0x11FF 4 107 108 87 86
0x11FF 4 108 109 88 87
0x11FF 4 109 110 89 88
0x11FF 4 110 111 90 89
0x11FF 4 111 112 91 90
0x11FF 4 112 113 92 91
0x11FF 4 113 114 93 92
0x11FF 4 114 115 94 93
0x11FF 4 115 116 95 94
0x11FF 4 116 117 96 95
0x11FF 4 117 118 97 96
0x11FF 4 118 119 98 97
0x11FF 4 119 120 99 98
0x11FF 4 120 121 100 99
0x11FF 4 121 122 101 100
0x11FF 4 122 123 102 101
0x11FF 4 123 124 103 102
0x11FF 4 124 125 104 103
0x11FF 4 126 127 106 105
0x11FF 4 127 128 107 106
0x11FF 4 128 129 108 107
0x11FF 4 129 130 109 108
0x11FF 4 130 131 110 109
0x11FF 4 131 132 111 110
0x11FF 4 132 133 112 111
0x11FF 4 133 134 113 112
0x11FF 4 134 135 114 113
0x11FF 4 135 136 115 114
0x11FF 4 136 137 116 115
0x11FF 4 137 138 117 116
0x11FF 4 138 139 118 117
0x11FF 4 139 140 119 118
0x11FF 4 140 141 120 119
0x11FF 4 141 142 121 120
0x11FF 4 142 143 122 121
0x11FF 4 143 144 123 122
0x11FF 4 144 145 124 123
0x11FF 4 145 146 125 124
0x11FF 4 147 148 127 126
0x11FF 4 148 149 128 127
0x11FF 4 149 150 129 128
0x11FF 4 150 151 130 129
0x11FF 4 151 152 131 130
0x11FF 4 152 153 132 131
0x11FF 4 153 154 133 132
0x11FF 4 154 155 134 133
0x11FF 4 155 156 135 134
0x11FF 4 156 157 136 135
0x11FF 4 157 158 137 136
0x11FF 4 158 159 138 137
0x11FF 4 159 160 139 138
0x11FF 4 160 161 140 139
0x11FF 4 161 162 141 140
0x11FF 4 162 163 142 141
0x11FF 4 163 164 143 142
0x11FF 4 164 165 144 143
0x11FF 4 165 166 145 144
0x11FF 4 166 167 146 145
0x11FF 4 168 169 148 147
0x11FF 4 169 170 149 148
0x11FF 4 170 171 150 149
0x11FF 4 171 172 151 150
0x11FF 4 172 173 152 151
0x11FF 4 173 174 153 152
0x11FF 4 174 175 154 153
0x11FF 4 175 176 155 154
0x11FF 4 176 177 156 155
0x11FF 4 177 178 157 156
0x11FF 4 178 179 158 157
0x11FF 4 179 180 159 158
0x11FF 4 180 181 160 159
0x11FF 4 181 182 161 160
0x11FF 4 182 183 162 161
0x11FF 4 183 184 163 162
0x11FF 4 184 185 164 163
0x11FF 4 185 186 165 164
0x11FF 4 186 187 166 165
0x11FF 4 187 188 167 166
0x11FF 4 189 190 169 168
0x11FF 4 190 191 170 169
0x11FF 4 191 192 171 170
0x11FF 4 192 193 172 171
0x11FF 4 193 194 173 172
0x11FF 4 194 195 174 173
0x11FF 4 195 196 175 174
0x11FF 4 196 197 176 175
0x11FF 4 197 198 177 176
0x11FF 4 198 199 178 177
0x11FF 4 199 200 179 178
0x11FF 4 200 201 180 179
0x11FF 4 201 202 181 180
0x11FF 4 202 203 182 181
0x11FF 4 203 204 183 182
0x11FF 4 204 205 184 183
0x11FF 4 205 206 185 184
0x11FF 4 206 207 186 185
0x11FF 4 207 208 187 186
0x11FF 4 208 209 188 187
0x11FF 4 210 211 190 189
0x11FF 4 211 212 191 190
0x11FF 4 212 213 192 191
0x11FF 4 213 214 193 192
0x11FF 4 214 215 194 193
0x11FF 4 215 216 195 194
0x11FF 4 216 217 196 195
0x11FF 4 217 218 197 196
0x11FF 4 218 219 198 197
0x11FF 4 219 220 199 198
0x11FF 4 220 221 200 199
0x11FF 4 221 222 201 200
0x11FF 4 222 223 202 201
0x11FF 4 223 224 203 202
0x11FF 4 224 225 204 203
0x11FF 4 225 226 205 204
0x11FF 4 226 227 206 205
0x11FF 4 227 228 207 206
0x11FF 4 228 229 208 207
0x11FF 4 229 230 209 208
0x11FF 4 231 232 211 210
0x11FF 4 232 233 212 211
0x11FF 4 233 234 213 212
0x11FF 4 234 235 214 213
0x11FF 4 235 236 215 214
0x11FF 4 236 237 216 215
0x11FF 4 237 238 217 216
0x11FF 4 238 239 218 217
0x11FF 4 239 240 219 218
0x11FF 4 240 241 220 219
0x11FF 4 241 242 221 220
0x11FF 4 242 243 222 221
0x11FF 4 243 244 223 222
0x11FF 4 244 245 224 223
0x11FF 4 245 246 225 224
0x11FF 4 246 247 226 225
0x11FF 4 247 248 227 226
0x11FF 4 248 249 228 227
0x11FF 4 249 250 229 228
0x11FF 4 250 251 230 229
0x11FF 4 252 253 232 231
0x11FF 4 253 254 233 232
0x11FF 4 254 255 234 233
0x11FF 4 255 256 235 234
0x11FF 4 256 257 236 235
0x11FF 4 257 258 237 236
0x11FF 4 258 259 238 237
0x11FF 4 259 260 239 238
0x11FF 4 260 261 240 239
0x11FF 4 261 262 241 240
0x11FF 4 262 263 242 241
0x11FF 4 263 264 243 242
0x11FF 4 264 265 244 243
0x11FF 4 265 266 245 244
0x11FF 4 266 267 246 245
0x11FF 4 267 268 247 246
0x11FF 4 268 269 248 247
0x11FF 4 269 270 249 248
0x11FF 4 270 271 250 249
0x11FF 4 271 272 251 250
0x11FF 4 273 274 253 252
0x11FF 4 274 275 254 253
0x11FF 4 275 276 255 254
0x11FF 4 276 277 256 255
0x11FF 4 277 278 257 256
0x11FF 4 278 279 258 257
0x11FF 4 279 280 259 258
0x11FF 4 280 281 260 259
0x11FF 4 281 282 261 260
0x11FF 4 282 283 262 261
0x11FF 4 283 284 263 262
0x11FF 4 284 285 264 263
0x11FF 4 285 286 265 264
0x11FF 4 286 287 266 265
0x11FF 4 287 288 267 266
0x11FF 4 288 289 268 267
0x11FF 4 289 290 269 268
0x11FF 4 290 291 270 269
0x11FF 4 291 292 271 270
0x11FF 4 292 293 272 271
0x11FF 4 294 295 274 273
0x11FF 4 295 296 275 274
0x11FF 4 296 297 276 275
0x11FF 4 297 298 277 276
0x11FF 4 298 299 278 277
0x11FF 4 299 300 279 278
0x11FF 4 300 301 280 279
0x11FF 4 301 302 281 280
0x11FF 4 302 303 282 281
0x11FF 4 303 304 283 282
0x11FF 4 304 305 284 283
0x11FF 4 305 306 285 284
0x11FF 4 306 307 286 285
0x11FF 4 307 308 287 286
0x11FF 4 308 309 288 287
0x11FF 4 309 310 289 288
0x11FF 4 310 311 290 289
0x11FF 4 311 312 291 290
0x11FF 4 312 313 292 291
0x11FF 4 313 314 293 292
0x11FF 4 315 316 295 294
0x11FF 4 316 317 296 295
0x11FF 4 317 318 297 296
0x11FF 4 318 319 298 297
0x11FF 4 319 320 299 298
0x11FF 4 320 321 300 299
0x11FF 4 321 322 301 300
0x11FF 4 322 323 302 301
0x11FF 4 323 324 303 302
0x11FF 4 324 325 304 303
0x11FF 4 325 326 305 304
0x11FF 4 326 327 306 305
0x11FF 4 327 328 307 306
0x11FF 4 328 329 308 307
0x11FF 4 329 330 309 308
0x11FF 4 330 331 310 309
0x11FF 4 331 332 311 310
0x11FF 4 332 333 312 311
0x11FF 4 333 334 313 312
0x11FF 4 334 335 314 313
0x11FF 4 336 337 316 315
0x11FF 4 337 338 317 316
0x11FF 4 338 339 318 317
0x11FF 4 339 340 319 318
0x11FF 4 340 341 320 319
0x11FF 4 341 342 321 320
0x11FF 4 342 343 322 321
0x11FF 4 343 344 323 322
0x11FF 4 344 345 324 323
0x11FF 4 345 346 325 324
0x11FF 4 346 347 326 325
0x11FF 4 347 348 327 326
0x11FF 4 348 349 328 327
0x11FF 4 349 350 329 328
0x11FF 4 350 351 330 329
0x11FF 4 351 352 331 330
0x11FF 4 352 353 332 331
0x11FF 4 353 354 333 332
0x11FF 4 354 355 334 333
0x11FF 4 355 356 335 334
0x11FF 4 357 358 337 336
0x11FF 4 358 359 338 337
0x11FF 4 359 360 339 338
0x11FF 4 360 361 340 339
0x11FF 4 361 362 341 340
0x11FF 4 362 363 342 341
0x11FF 4 363 364 343 342
0x11FF 4 364 365 344 343
0x11FF 4 365 366 345 344
0x11FF 4 366 367 346 345
0x11FF 4 367 368 347 346
0x11FF 4 368 369 348 347
0x11FF 4 369 370 349 348
0x11FF 4 370 371 350 349
0x11FF 4 371 372 351 350
0x11FF 4 372 373 352 351
0x11FF 4 373 374 353 352
0x11FF 4 374 375 354 353
0x11FF 4 375 376 355 354
0x11FF 4 376 377 356 355
0x11FF 4 378 379 358 357
0x11FF 4 379 380 359 358
0x11FF 4 380 381 360 359
0x11FF 4 381 382 361 360
0x11FF 4 382 383 362 361
0x11FF 4 383 384 363 362
0x11FF 4 384 385 364 363
0x11FF 4 385 386 365 364
0x11FF 4 386 387 366 365
0x11FF 4 387 388 367 366
0x11FF 4 388 389 368 367
0x11FF 4 389 390 369 368
0x11FF 4 390 391 370 369
0x11FF 4 391 392 371 370
0x11FF 4 392 393 372 371
0x11FF 4 393 394 373 372
0x11FF 4 394 395 374 373
0x11FF 4 395 396 375 374
0x11FF 4 396 397 376 375
0x11FF 4 397 398 377 376
0x11FF 4 399 400 379 378
0x11FF 4 400 401 380 379
0x11FF 4 401 402 381 380
0x11FF 4 402 403 382 381
0x11FF 4 403 404 383 382
0x11FF 4 404 405 384 383
0x11FF 4 405 406 385 384
0x11FF 4 406 407 386 385
0x11FF 4 407 408 387 386
0x11FF 4 408 409 388 387
0x11FF 4 409 410 389 388
0x11FF 4 410 411 390 389
0x11FF 4 411 412 391 390
0x11FF 4 412 413 392 391
0x11FF 4 413 414 393 392
0x11FF 4 414 415 394 393
0x11FF 4 415 416 395 394
0x11FF 4 416 417 396 395
0x11FF 4 417 418 397 396
0x11FF 4 418 419 398 397
0x11FF 4 420 421 400 399
0x11FF 4 421 422 401 400
0x11FF 4 422 423 402 401
0x11FF 4 423 424 403 402
0x11FF 4 424 425 404 403
0x11FF 4 425 426 405 404
0x11FF 4 426 427 406 405
0x11FF 4 427 428 407 406
0x11FF 4 428 429 408 407
0x11FF 4 429 430 409 408
0x11FF 4 430 431 410 409
0x11FF 4 431 432 411 410
0x11FF 4 432 433 412 411
0x11FF 4 433 434 413 412
0x11FF 4 434 435 414 413
0x11FF 4 435 436 415 414
0x11FF 4 436 437 416 415
0x11FF 4 437 438 417 416
0x11FF 4 438 439 418 417
0x11FF 4 439 440 419 418
0x22AA 4 0 1 22 21
0x22AA 4 1 2 23 22
0x22AA 4 2 3 24 23
0x22AA 4 3 4 25 24
0x22AA 4 4 5 26 25
0x22AA 4 5 6 27 26
0x22AA 4 6 7 28 27
0x22AA 4 7 8 29 28
0x22AA 4 8 9 30 29
0x22AA 4 9 10 31 30
0x22AA 4 10 11 32 31
0x22AA 4 11 12 33 32
0x22AA 4 12 13 34 33
0x22AA 4 13 14 35 34
0x22AA 4 14 15 36 35
0x22AA 4 15 16 37 36
0x22AA 4 16 17 38 37
0x22AA 4 17 18 39 38
0x22AA 4 18 19 40 39
0x22AA 4 19 20 41 40
0x22AA 4 21 22 43 42
0x22AA 4 22 23 44 43
0x22AA 4 23 24 45 44
0x22AA 4 24 25 46 45
0x22AA 4 25 26 47 46
0x22AA 4 26 27 48 47
0x22AA 4 27 28 49 48
0x22AA 4 28 29 50 49
0x22AA 4 29 30 51 50
0x22AA 4 30 31 52 51
0x22AA 4 31 32 53 52
0x22AA 4 32 33 54 53
0x22AA 4 33 34 55 54
0x22AA 4 34 35 56 55
0x22AA 4 35 36 57 56
0x22AA 4 36 37 58 57
0x22AA 4 37 38 59 58
0x22AA 4 38 39 60 59
0x22AA 4 39 40 61 60
0x22AA 4 40 41 62 61
0x22AA 4 42 43 64 63
0x22AA 4 43 44 65 64
0x22AA 4 44 45 66 65
0x22AA 4 45 46 67 66
0x22AA 4 46 47 68 67
0x22AA 4 47 48 69 68
0x22AA 4 48 49 70 69
0x22AA 4 49 50 71 70
0x22AA 4 50 51 72 71
0x22AA 4 51 52 73 72
0x22AA 4 52 53 74 73
0x22AA 4 53 54 75 74
0x22AA 4 54 55 76 75
0x22AA 4 55 56 77 76
0x22AA 4 56 57 78 77
0x22AA 4 57 58 79 78
0x22AA 4 58 59 80 79
0x22AA 4 59 60 81 80
0x22AA 4 60 61 82 81
0x22AA 4 61 62 83 82
0x22AA 4 63 64 85 84
0x22AA 4 64 65 86 85
0x22AA 4 65 66 87 86
0x22AA 4 66 67 88 87
0x22AA 4 67 68 89 88
0x22AA 4 68 69 90 89
0x22AA 4 69 70 91 90
0x22AA 4 70 71 92 91
0x22AA 4 71 72 93 92
0x22AA 4 72 73 94 93
0x22AA 4 73 74 95 94
0x22AA 4 74 75 96 95
0x22AA 4 75 76 97 96
0x22AA 4 76 77 98 97
0x22AA 4 77 78 99 98
0x22AA 4 78 79 100 99
0x22AA 4 79 80 101 100
0x22AA 4 80 81 102 101
0x22AA 4 81 82 103 102
0x22AA 4 82 83 104 103
0x22AA 4 84 85 106 105
0x22AA 4 85 86 107 106
0x22AA 4 86 87 108 107
0x22AA 4 87 88 109 108
0x22AA 4 88 89 110 109
0x22AA 4 89 90 111 110
0x22AA 4 90 91 112 111
0x22AA 4 91 92 113 112
0x22AA 4 92 93 114 113
0x22AA 4 93 94 115 114
0x22AA 4 94 95 116 115
0x22AA 4 95 96 117 116
0x22AA 4 96 97 118 117
0x22AA 4 97 98 119 118
0x22AA 4 98 99 120 119
0x22AA 4 99 100 121 120
0x22AA 4 100 101 122 121
0x22AA 4 101 102 123 122
0x22AA 4 102 103 124 123
0x22AA 4 103 104 125 124
0x22AA 4 105 106 127 126
0x22AA 4 106 107 128 127
0x22AA 4 107 108 129 128
0x22AA 4 108 109 130 129
0x22AA 4 109 110 131 130
0x22AA 4 110 111 132 131
0x22AA 4 111 112 133 132
0x22AA 4 112 113 134 133
0x22AA 4 113 114 135 134
0x22AA 4 114 115 136 135
0x22AA 4 115 116 137 136
0x22AA 4 116 117 138 137
0x22AA 4 117 118 139 138
0x22AA 4 118 119 140 139
0x22AA 4 119 120 141 140
0x22AA 4 120 121 142 141
0x22AA 4 121 122 143 142
0x22AA 4 122 123 144 143
0x22AA 4 123 124 145 144
0x22AA 4 124 125 146 145
0x22AA 4 126 127 148 147
0x22AA 4 127 128 149 148
0x22AA 4 128 129 150 149
0x22AA 4 129 130 151 150
0x22AA 4 130 131 152 151
0x22AA 4 131 132 153 152
0x22AA 4 132 133 154 153
0x22AA 4 133 134 155 154
0x22AA 4 134 135 156 155
0x22AA 4 135 136 157 156
0x22AA 4 136 137 158 157
0x22AA 4 137 138 159 158
0x22AA 4 138 139 160 159
0x22AA 4 139 140 161 160
0x22AA 4 140 141 162 161
0x22AA 4 141 142 163 162
0x22AA 4 142 143 164 163
0x22AA 4 143 144 165 164
0x22AA 4 144 145 166 165
0x22AA 4 145 146 167 166
0x22AA 4 147 148 169 168
0x22AA 4 148 149 170 169
0x22AA 4 149 150 171 170
0x22AA 4 150 151 172 171
0x22AA 4 151 152 173 172
0x22AA 4 152 153 174 173
0x22AA 4 153 154 175 174
0x22AA 4 154 155 176 175
0x22AA 4 155 156 177 176
0x22AA 4 156 157 178 177
0x22AA 4 157 158 179 178
0x22AA 4 158 159 180 179
0x22AA 4 159 160 181 180
0x22AA 4 160 161 182 181
0x22AA 4 161 162 183 182
0x22AA 4 162 163 184 183
0x22AA 4 163 164 185 184
0x22AA 4 164 165 186 185
0x22AA 4 165 166 187 186
0x22AA 4 166 167 188 187
0x22AA 4 168 169 190 189
0x22AA 4 169 170 191 190
0x22AA 4 170 171 192 191
0x22AA 4 171 172 193 192
0x22AA 4 172 173 194 193
0x22AA 4 173 174 195 194
0x22AA 4 174 175 196 195
0x22AA 4 175 176 197 196
0x22AA 4 176 177 198 197
0x22AA 4 177 178 199 198
0x22AA 4 178 179 200 199
0x22AA 4 179 180 201 200
0x22AA 4 180 181 202 201
0x22AA 4 181 182 203 202
0x22AA 4 182 183 204 203
0x22AA 4 183 184 205 204
0x22AA 4 184 185 206 205
0x22AA 4 185 186 207 206
0x22AA 4 186 187 208 207
0x22AA 4 187 188 209 208
0x22AA 4 189 190 211 210
0x22AA 4 190 191 212 211
0x22AA 4 191 192 213 212
0x22AA 4 192 193 214 213
0x22AA 4 193 194 215 214
0x22AA 4 194 195 216 215
0x22AA 4 195 196 217 216
0x22AA 4 196 197 218 217
0x22AA 4 197 198 219 218
0x22AA 4 198 199 220 219
0x22AA 4 199 200 221 220
0x22AA 4 200 201 222 221
0x22AA 4 201 202 223 222
0x22AA 4 202 203 224 223
0x22AA 4 203 204 225 224
0x22AA 4 204 205 226 225
0x22AA 4 205 206 227 226
0x22AA 4 206 207 228 227
0x22AA 4 207 208 229 228
0x22AA 4 208 209 230 229
0x22AA 4 210 211 232 231
0x22AA 4 211 212 233 232
0x22AA 4 212 213 234 233
0x22AA 4 213 214 235 234
0x22AA 4 214 215 236 235
0x22AA 4 215 216 237 236
0x22AA 4 216 217 238 237
0x22AA 4 217 218 239 238
0x22AA 4 218 219 240 239
0x22AA 4 219 220 241 240
0x22AA 4 220 221 242 241
0x22AA 4 221 222 243 242
0x22AA 4 222 223 244 243
0x22AA 4 223 224 245 244
0x22AA 4 224 225 246 245
0x22AA 4 225 226 247 246
0x22AA 4 226 227 248 247
0x22AA 4 227 228 249 248
0x22AA 4 228 229 250 249
0x22AA 4 229 230 251 250
0x22AA 4 231 232 253 252
0x22AA 4 232 233 254 253
0x22AA 4 233 234 255 254
0x22AA 4 234 235 256 255
0x22AA 4 235 236 257 256
0x22AA 4 236 237 258 257
0x22AA 4 237 238 259 258
0x22AA 4 238 239 260 259
0x22AA 4 239 240 261 260
0x22AA 4 240 241 262 261
0x22AA 4 241 242 263 262
0x22AA 4 242 243 264 263
0x22AA 4 243 244 265 264
0x22AA 4 244 245 266 265
0x22AA 4 245 246 267 266
0x22AA 4 246 247 268 267
0x22AA 4 247 248 269 268
0x22AA 4 248 249 270 269
0x22AA 4 249 250 271 270
0x22AA 4 250 251 272 271
0x22AA 4 252 253 274 273
0x22AA 4 253 254 275 274
0x22AA 4 254 255 276 275
0x22AA 4 255 256 277 276
0x22AA 4 256 257 278 277
0x22AA 4 257 258 279 278
0x22AA 4 258 259 280 279
0x22AA 4 259 260 281 280
0x22AA 4 260 261 282 281
0x22AA 4 261 262 283 282
0x22AA 4 262 263 284 283
0x22AA 4 263 264 285 284
0x22AA 4 264 265 286 285
0x22AA 4 265 266 287 286
0x22AA 4 266 267 288 287
0x22AA 4 267 268 289 288
0x22AA 4 268 269 290 289
0x22AA 4 269 270 291 290
0x22AA 4 270 271 292 291
0x22AA 4 271 272 293 292
0x22AA 4 273 274 295 294
0x22AA 4 274 275 296 295
0x22AA 4 275 276 297 296
0x22AA 4 276 277 298 297
0x22AA 4 277 278 299 298
0x22AA 4 278 279 300 299
0x22AA 4 279 280 301 300
0x22AA 4 280 281 302 301
0x22AA 4 281 282 303 302
0x22AA 4 282 283 304 303
0x22AA 4 283 284 305 304
0x22AA 4 284 285 306 305
0x22AA 4 285 286 307 306
0x22AA 4 286 287 308 307
0x22AA 4 287 288 309 308
0x22AA 4 288 289 310 309
0x22AA 4 289 290 311 310
0x22AA 4 290 291 312 311
0x22AA 4 291 292 313 312
0x22AA 4 292 293 314 313
0x22AA 4 294 295 316 315
0x22AA 4 295 296 317 316
0x22AA 4 296 297 318 317
0x22AA 4 297 298 319 318
0x22AA 4 298 299 320 319
0x22AA 4 299 300 321 320
0x22AA 4 300 301 322 321
0x22AA 4 301 302 323 322
0x22AA 4 302 303 324 323
0x22AA 4 303 304 325 324
0x22AA 4 304 305 326 325
0x22AA 4 305 306 327 326
0x22AA 4 306 307 328 327
0x22AA 4 307 308 329 328
0x22AA 4 308 309 330 329
0x22AA 4 309 310 331 330
0x22AA 4 310 311 332 331
0x22AA 4 311 312 333 332
0x22AA 4 312 313 334 333
0x22AA 4 313 314 335 334
0x22AA 4 315 316 337 336
0x22AA 4 316 317 338 337
0x22AA 4 317 318 339 338
0x22AA 4 318 319 340 339
0x22AA 4 319 320 341 340
0x22AA 4 320 321 342 341
0x22AA 4 321 322 343 342
0x22AA 4 322 323 344 343
0x22AA 4 323 324 345 344
0x22AA 4 324 325 346 345
0x22AA 4 325 326 347 346
0x22AA 4 326 327 348 347
0x22AA 4 327 328 349 348
0x22AA 4 328 329 350 349
0x22AA 4 329 330 351 350
0x22AA 4 330 331 352 351
0x22AA 4 331 332 353 352
0x22AA 4 332 333 354 353
0x22AA 4 333 334 355 354
0x22AA 4 334 335 356 355
0x22AA 4 336 337 358 357
0x22AA 4 337 338 359 358
0x22AA 4 338 339 360 359
0x22AA 4 339 340 361 360
0x22AA 4 340 341 362 361
0x22AA 4 341 342 363 362
0x22AA 4 342 343 364 363
0x22AA 4 343 344 365 364
0x22AA 4 344 345 366 365
0x22AA 4 345 346 367 366
0x22AA 4 346 347 368 367
0x22AA 4 347 348 369 368
0x22AA 4 348 349 370 369
0x22AA 4 349 350 371 370
0x22AA 4 350 351 372 371
0x22AA 4 351 352 373 372
0x22AA 4 352 353 374 373
0x22AA 4 353 354 375 374
0x22AA 4 354 355 376 375
0x22AA 4 355 356 377 376
0x22AA 4 357 358 379 378
0x22AA 4 358 359 380 379
0x22AA 4 359 360 381 380
0x22AA 4 360 361 382 381
0x22AA 4 361 362 383 382
0x22AA 4 362 363 384 383
0x22AA 4 363 364 385 384
0x22AA 4 364 365 386 385
0x22AA 4 365 366 387 386
0x22AA 4 366 367 388 387
0x22AA 4 367 368 389 388
0x22AA 4 368 369 390 389
0x22AA 4 369 370 391 390
0x22AA 4 370 371 392 391
0x22AA 4 371 372 393 392
0x22AA 4 372 373 394 393
0x22AA 4 373 374 395 394
0x22AA 4 374 375 396 395
0x22AA 4 375 376 397 396
0x22AA 4 376 377 398 397
0x22AA 4 378 379 400 399
0x22AA 4 379 380 401 400
0x22AA 4 380 381 402 401
0x22AA 4 381 382 403 402
0x22AA 4 382 383 404 403
0x22AA 4 383 384 405 404
0x22AA 4 384 385 406 405
0x22AA 4 385 386 407 406
0x22AA 4 386 387 408 407
0x22AA 4 387 388 409 408
0x22AA 4 388 389 410 409
0x22AA 4 389 390 411 410
0x22AA 4 390 391 412 411
0x22AA 4 391 392 413 412
0x22AA 4 392 393 414 413
0x22AA 4 393 394 415 414
0x22AA 4 394 395 416 415
0x22AA 4 395 396 417 416
0x22AA 4 396 397 418 417
0x22AA 4 397 398 419 418
0x22AA 4 399 400 421 420
0x22AA 4 400 401 422 421
0x22AA 4 401 402 423 422
0x22AA 4 402 403 424 423
0x22AA 4 403 404 425 424
0x22AA 4 404 405 426 425
0x22AA 4 405 406 427 426
0x22AA 4 406 407 428 427
0x22AA 4 407 408 429 428
0x22AA 4 408 409 430 429
0x22AA 4 409 410 431 430
0x22AA 4 410 411 432 431
0x22AA 4 411 412 433 432
0x22AA 4 412 413 434 433
0x22AA 4 413 414 435 434
0x22AA 4 414 415 436 435
0x22AA 4 415 416 437 436
0x22AA 4 416 417 438 437
0x22AA 4 417 418 439 438
0x22AA 4 418 419 440 439

